                      precision    recall  f1-score   support

             Coцсети       0.51      0.46      0.48       699
              Бизнес       0.59      0.60      0.60      1892
          Бокс и ММА       0.85      0.84      0.84       726
             Гаджеты       0.75      0.65      0.70       479
               Город       0.52      0.47      0.49       429
        Госэкономика       0.67      0.76      0.71      3024
                Дача       0.63      0.50      0.56       252
      Деловой климат       0.48      0.32      0.38       653
                 Еда       0.32      0.07      0.11       116
               Звери       0.54      0.49      0.51       592
         Зимние виды       0.84      0.81      0.82       479
                Игры       0.91      0.87      0.89       412
         Инструменты       0.51      0.39      0.44       158
            Интернет       0.52      0.59      0.56      1887
           Искусство       0.59      0.45      0.51       380
             История       0.50      0.36      0.42       107
            Квартира       0.79      0.74      0.76      1057
                Кино       0.79      0.86      0.82      2122
               Книги       0.54      0.40      0.46       297
           Конфликты       0.59      0.57      0.58       742
              Космос       0.78      0.77      0.77       878
            Криминал       0.44      0.36      0.40       645
            Культура       1.00      0.65      0.79        26
         Летние виды       0.70      0.63      0.66       659
                Люди       0.47      0.48      0.48      1326
                 Мир       0.58      0.48      0.52       492
              Москва       0.46      0.33      0.39       267
              Музыка       0.75      0.66      0.70      1554
               Наука       0.79      0.80      0.79      1588
            Общество       0.48      0.59      0.53      6927
              Оружие       0.77      0.81      0.79       481
            Политика       0.75      0.75      0.75      8268
Полиция и спецслужбы       0.39      0.27      0.32       458
              Пресса       0.55      0.42      0.48       407
        Преступность       0.46      0.44      0.45       983
        Происшествия       0.57      0.55      0.56      3921
             Регионы       0.71      0.53      0.61       733
               Рынки       0.57      0.41      0.47       575
     Следствие и суд       0.62      0.69      0.65      1847
             События       0.37      0.27      0.31       744
        Средняя Азия       0.69      0.53      0.60       243
               Стиль       0.61      0.62      0.62       535
          ТВ и радио       0.63      0.57      0.60       846
               Театр       0.69      0.52      0.59       279
             Техника       0.42      0.25      0.32       256
             Украина       0.85      0.90      0.88      4537
          Фотография       0.00      0.00      0.00         6
              Футбол       0.90      0.93      0.91      3040
              Хоккей       0.70      0.60      0.65       251
                Часы       0.80      0.81      0.80       145
           Экономика       0.87      0.70      0.77       155
             Явления       0.54      0.48      0.51       631

            accuracy                           0.66     60206
           macro avg       0.62      0.56      0.58     60206
        weighted avg       0.66      0.66      0.66     60206

0.6605487825133708
