                      precision    recall  f1-score   support

             Coцсети       0.00      0.00      0.00       736
          Белоруссия       0.42      0.67      0.51       282
              Бизнес       0.29      0.38      0.33      1816
          Бокс и ММА       0.29      0.50      0.37       712
             Гаджеты       0.49      0.51      0.50       482
               Город       0.07      0.00      0.00       440
        Госэкономика       0.47      0.05      0.09      3034
                Дача       0.20      0.21      0.20       279
            Движение       0.15      0.25      0.19       181
      Деловой климат       0.00      0.00      0.00       632
          Закавказье       0.51      0.41      0.46       328
               Звери       0.00      0.00      0.00       578
         Зимние виды       0.28      0.19      0.22       457
                Игры       0.56      0.69      0.62       440
            Интернет       0.17      0.01      0.01      1879
           Искусство       0.00      0.00      0.00       390
            Квартира       0.53      0.55      0.54      1001
                Кино       0.60      0.40      0.48      2171
               Книги       0.00      0.00      0.00       271
           Конфликты       0.35      0.03      0.05       774
              Космос       0.37      0.25      0.30       838
            Криминал       0.50      0.00      0.01       626
         Летние виды       0.24      0.03      0.06       644
                Люди       0.13      0.01      0.02      1316
                 Мир       0.00      0.00      0.00       488
              Москва       0.00      0.00      0.00       272
              Музыка       0.14      0.01      0.03      1460
               Наука       0.68      0.71      0.70      1581
            Общество       0.25      0.10      0.14      7073
              Оружие       0.67      0.00      0.01       480
            Политика       0.19      0.74      0.30      8222
Полиция и спецслужбы       0.00      0.00      0.00       480
              Пресса       0.00      0.00      0.00       434
        Преступность       0.00      0.00      0.00      1009
        Происшествия       0.22      0.03      0.05      3918
             Регионы       0.24      0.37      0.29       736
               Рынки       0.22      0.00      0.01       596
     Следствие и суд       0.51      0.24      0.33      1812
             События       0.00      0.00      0.00       729
        Средняя Азия       0.00      0.00      0.00       292
               Стиль       0.39      0.32      0.35       514
          ТВ и радио       0.00      0.00      0.00       857
               Театр       0.45      0.61      0.52       268
             Техника       0.40      0.01      0.01       273
             Украина       0.64      0.83      0.72      4474
              Футбол       0.68      0.77      0.72      3103
              Хоккей       0.10      0.03      0.04       263
                Часы       0.25      0.73      0.38       126
           Экономика       0.00      0.00      0.00       154
             Явления       0.33      0.20      0.25       680

            accuracy                           0.32     60601
           macro avg       0.26      0.22      0.20     60601
        weighted avg       0.32      0.32      0.26     60601

0.3199947195590832