                      precision    recall  f1-score   support

             Coцсети       0.23      0.03      0.05       695
                Авто       0.11      0.33      0.16        43
          Автобизнес       0.04      0.59      0.08        71
   Английский футбол       0.20      0.63      0.30        70
          Белоруссия       0.08      0.17      0.11       285
              Бизнес       0.45      0.01      0.03      1843
          Бокс и ММА       0.25      0.15      0.19       711
     Вирусные ролики       0.02      0.48      0.04        92
               Вкусы       0.03      0.09      0.04        23
         Внешний вид       0.04      0.32      0.07       189
             Гаджеты       0.14      0.05      0.07       485
               Город       0.17      0.04      0.06       482
        Госэкономика       0.62      0.08      0.15      3119
                Дача       0.11      0.09      0.10       248
            Движение       0.04      0.28      0.08       182
      Деловой климат       0.17      0.06      0.09       680
               Жизнь       0.07      0.76      0.12        98
          Закавказье       0.15      0.14      0.15       365
               Звери       0.12      0.19      0.15       605
         Зимние виды       0.24      0.50      0.32       485
                Игры       0.29      0.19      0.23       416
         Инструменты       0.03      0.32      0.05       145
            Интернет       0.51      0.03      0.05      1865
           Искусство       0.16      0.07      0.10       405
             История       0.03      0.51      0.06       123
           Казахстан       0.03      0.11      0.04        18
            Квартира       0.64      0.03      0.05      1058
   Киберпреступность       0.04      0.66      0.07        87
                Кино       0.84      0.02      0.03      2176
               Книги       0.07      0.17      0.10       268
           Конфликты       0.25      0.80      0.38       804
              Космос       0.59      0.31      0.40       864
            Криминал       0.12      0.53      0.20       632
            Культура       0.32      0.28      0.30        25
         Летние виды       0.11      0.06      0.08       654
                Люди       0.21      0.03      0.05      1258
                 Мир       0.12      0.02      0.03       495
      Мировой бизнес       0.03      0.57      0.05       176
        Мировой опыт       0.00      0.00      0.00         2
              Мнения       0.06      0.47      0.11       198
            Молдавия       0.02      0.67      0.03        95
              Москва       0.06      0.28      0.10       260
              Музыка       0.56      0.03      0.06      1548
               Наука       0.67      0.05      0.09      1536
            Общество       0.49      0.01      0.02      6999
              Оружие       0.27      0.58      0.37       480
                Офис       0.05      0.39      0.09       161
            Политика       0.85      0.16      0.26      8018
Полиция и спецслужбы       0.11      0.14      0.12       478
              Пресса       0.12      0.12      0.12       420
   Преступная Россия       0.02      0.43      0.04        61
        Преступность       0.31      0.49      0.38      1045
          Прибалтика       0.04      0.13      0.07       309
        Происшествия       0.65      0.08      0.14      4009
             Регионы       0.26      0.15      0.19       697
             Реклама       0.01      0.18      0.02        95
              Россия       0.03      0.19      0.05       182
               Рынки       0.25      0.29      0.27       580
     Следствие и суд       0.54      0.23      0.33      1717
             События       0.11      0.01      0.01       762
                Софт       0.05      0.36      0.08       137
        Средняя Азия       0.06      0.24      0.10       225
               Стиль       0.06      0.02      0.03       526
          ТВ и радио       0.32      0.08      0.13       888
               Театр       0.09      0.49      0.16       289
             Техника       0.06      0.08      0.07       254
             Украина       0.85      0.53      0.65      4512
              Футбол       0.92      0.10      0.18      3058
              Хоккей       0.08      0.75      0.15       258
                Часы       0.09      0.74      0.16       149
           Экономика       0.05      0.82      0.10       168
             Явления       0.15      0.02      0.04       621

            accuracy                           0.17     62977
           macro avg       0.22      0.26      0.13     62977
        weighted avg       0.51      0.17      0.18     62977

0.16579068548835288

