                      precision    recall  f1-score   support

      69-я параллель       0.00      0.00      0.00         1
             Coцсети       0.34      0.52      0.41       727
                Авто       0.83      0.21      0.33        48
          Автобизнес       0.41      0.49      0.45        63
     Аналитика рынка       0.00      0.00      0.00         7
   Английский футбол       0.81      0.78      0.80        87
          Белоруссия       0.76      0.46      0.57       280
              Бизнес       0.48      0.57      0.52      1884
          Бокс и ММА       0.84      0.78      0.81       682
                Вещи       0.12      0.05      0.07        87
     Вирусные ролики       0.29      0.32      0.31        94
               Вкусы       0.50      0.05      0.08        22
         Внешний вид       0.58      0.40      0.48       204
              Выборы       0.00      0.00      0.00         2
             Гаджеты       0.50      0.62      0.56       451
               Город       0.38      0.40      0.39       470
    Госрегулирование       1.00      0.25      0.40         8
        Госэкономика       0.53      0.74      0.62      3030
                Дача       0.44      0.32      0.37       256
            Движение       0.65      0.57      0.61       214
      Деловой климат       0.40      0.19      0.26       633
              Деньги       0.28      0.11      0.16       334
          Достижения       0.44      0.08      0.13       198
                 Еда       0.67      0.06      0.11       104
               Жизнь       0.45      0.15      0.23        97
          Закавказье       0.67      0.60      0.63       324
               Звери       0.50      0.39      0.44       611
         Зимние виды       0.73      0.76      0.74       468
                Игры       0.71      0.83      0.77       410
           Инновации       0.00      0.00      0.00         1
         Инструменты       0.44      0.13      0.21       149
            Интернет       0.47      0.46      0.47      1867
           Искусство       0.54      0.32      0.40       395
             История       0.43      0.13      0.20       117
           Казахстан       0.62      0.28      0.38        18
            Квартира       0.63      0.68      0.66      1059
   Киберпреступность       0.59      0.12      0.20        84
                Кино       0.73      0.82      0.77      2172
               Книги       0.44      0.25      0.32       250
           Конфликты       0.47      0.62      0.54       736
              Космос       0.67      0.68      0.68       833
            Криминал       0.41      0.31      0.35       667
            Культура       0.75      0.95      0.84        22
         Летние виды       0.77      0.45      0.57       664
                Люди       0.40      0.33      0.36      1312
                Мемы       0.29      0.02      0.04       101
                 Мир       0.51      0.32      0.39       519
      Мировой бизнес       0.39      0.05      0.10       166
              Мнения       0.39      0.20      0.26       167
            Молдавия       0.95      0.34      0.50       106
              Москва       0.41      0.25      0.31       251
              Музыка       0.54      0.64      0.58      1453
            Наследие       0.00      0.00      0.00        12
               Наука       0.64      0.79      0.70      1560
          Нацпроекты       0.00      0.00      0.00         3
            Общество       0.48      0.47      0.47      7120
              Оружие       0.72      0.63      0.67       530
                Офис       0.48      0.26      0.34       174
      Первая мировая       0.00      0.00      0.00        12
            Политика       0.65      0.77      0.70      8265
Полиция и спецслужбы       0.37      0.22      0.28       468
              Пресса       0.45      0.33      0.38       390
   Преступная Россия       0.50      0.04      0.07        56
        Преступность       0.46      0.27      0.34       988
          Прибалтика       0.85      0.10      0.17       302
       Производители       0.00      0.00      0.00         5
        Происшествия       0.51      0.63      0.57      3878
             Регионы       0.74      0.43      0.55       684
             Реклама       1.00      0.01      0.02        97
              Россия       0.62      0.11      0.19       213
               Рынки       0.48      0.27      0.34       565
     Следствие и суд       0.54      0.66      0.60      1791
             События       0.50      0.11      0.19       771
                Софт       0.49      0.26      0.34       133
    Социальная сфера       0.47      0.11      0.18        65
        Средняя Азия       0.84      0.22      0.35       272
               Стиль       0.49      0.61      0.54       496
       Страноведение       0.00      0.00      0.00         4
          ТВ и радио       0.50      0.46      0.48       847
               Театр       0.67      0.55      0.60       265
             Техника       0.42      0.09      0.15       270
              Туризм       0.00      0.00      0.00        22
             Украина       0.78      0.86      0.82      4530
    Финансы компаний       0.00      0.00      0.00        28
          Фотография       0.00      0.00      0.00         3
              Футбол       0.80      0.90      0.84      3074
              Хоккей       0.69      0.42      0.53       259
                Часы       0.65      0.84      0.73       149
            Экология       0.00      0.00      0.00        10
           Экономика       0.73      0.64      0.68       146
             Явления       0.50      0.29      0.36       637

            accuracy                           0.59     63999
           macro avg       0.49      0.35      0.37     63999
        weighted avg       0.58      0.59      0.57     63999

0.5866654166471351

Process finished with exit code 0

