                      precision    recall  f1-score   support

             Coцсети       0.36      0.50      0.41       775
                Авто       0.71      0.22      0.34        45
          Автобизнес       0.48      0.39      0.43        75
   Английский футбол       0.81      0.73      0.77        77
          Белоруссия       0.72      0.52      0.60       267
              Бизнес       0.47      0.57      0.51      1813
          Бокс и ММА       0.86      0.77      0.82       701
     Вирусные ролики       0.38      0.33      0.35       123
               Вкусы       0.50      0.06      0.11        16
         Внешний вид       0.51      0.36      0.42       212
          Вооружение       0.00      0.00      0.00         1
             Гаджеты       0.53      0.66      0.59       468
               Город       0.36      0.41      0.39       435
    Госрегулирование       0.00      0.00      0.00         8
        Госэкономика       0.54      0.73      0.62      3129
                Дача       0.45      0.34      0.39       263
            Движение       0.67      0.58      0.62       170
      Деловой климат       0.40      0.17      0.24       632
              Деньги       0.33      0.15      0.20       324
          Достижения       0.33      0.07      0.11       200
                 Еда       0.20      0.02      0.04       102
               Жизнь       0.62      0.16      0.26        97
          Закавказье       0.69      0.61      0.64       343
               Звери       0.50      0.38      0.43       619
         Зимние виды       0.75      0.77      0.76       460
                Игры       0.72      0.82      0.77       398
         Инструменты       0.53      0.19      0.28       137
            Интернет       0.47      0.48      0.47      1859
           Искусство       0.56      0.32      0.41       389
             История       0.49      0.16      0.24       110
           Казахстан       0.91      0.40      0.56        25
            Квартира       0.62      0.68      0.65      1089
   Киберпреступность       0.50      0.04      0.07        74
                Кино       0.74      0.82      0.78      2167
               Книги       0.45      0.25      0.32       284
           Конфликты       0.50      0.63      0.56       789
              Космос       0.70      0.66      0.68       854
            Криминал       0.38      0.30      0.33       644
            Культура       0.75      0.94      0.83        32
         Летние виды       0.73      0.46      0.56       638
                Люди       0.42      0.35      0.38      1260
                Мемы       0.33      0.01      0.02        98
                 Мир       0.49      0.31      0.38       530
      Мировой бизнес       0.40      0.02      0.04       171
              Мнения       0.42      0.16      0.23       179
            Молдавия       0.82      0.33      0.47       101
              Москва       0.39      0.18      0.25       311
              Музыка       0.52      0.61      0.56      1465
               Наука       0.65      0.79      0.71      1609
            Общество       0.47      0.46      0.47      7047
              Оружие       0.72      0.64      0.68       518
                Офис       0.47      0.28      0.35       170
            Политика       0.64      0.77      0.70      8084
Полиция и спецслужбы       0.38      0.23      0.29       460
              Пресса       0.38      0.34      0.36       386
   Преступная Россия       0.88      0.11      0.20        61
        Преступность       0.49      0.28      0.35      1022
          Прибалтика       0.74      0.10      0.17       292
        Происшествия       0.52      0.63      0.57      4006
             Регионы       0.77      0.46      0.58       698
             Реклама       0.67      0.03      0.05        80
              Россия       0.40      0.09      0.14       193
               Рынки       0.48      0.28      0.35       559
     Следствие и суд       0.55      0.69      0.61      1785
             События       0.53      0.12      0.19       723
                Софт       0.74      0.24      0.37       140
    Социальная сфера       0.31      0.06      0.09        90
        Средняя Азия       0.90      0.21      0.34       270
               Стиль       0.51      0.63      0.56       521
          ТВ и радио       0.48      0.43      0.45       856
               Театр       0.68      0.52      0.59       286
             Техника       0.33      0.06      0.10       281
             Украина       0.78      0.85      0.81      4540
              Футбол       0.79      0.90      0.84      3003
              Хоккей       0.77      0.49      0.60       262
                Часы       0.60      0.78      0.68       146
           Экономика       0.71      0.62      0.66       155
             Явления       0.55      0.33      0.42       588

            accuracy                           0.59     63790
           macro avg       0.55      0.40      0.43     63790
        weighted avg       0.58      0.59      0.57     63790

0.5872864085279824

Process finished with exit code 0

